kinematics:
  shoulder:
    x: 0
    y: 0
    z: 0.15191092732770289
    roll: -0
    pitch: 0
    yaw: 3.3777811360435894e-08
  upper_arm:
    x: -0.00010114944487142044
    y: 0
    z: 0
    roll: 1.5705445448626514
    pitch: 0
    yaw: -6.2385367805006808e-07
  forearm:
    x: -0.24378615103197945
    y: 0
    z: 0
    roll: 0.0042569508338058696
    pitch: 0.00091204088865761226
    yaw: 4.3895127247613378e-06
  wrist_1:
    x: -0.21322883294677686
    y: 0.00034642962512577123
    z: 0.13132154842687777
    roll: 3.1389546339680554
    pitch: 3.1405380137506596
    yaw: 3.1415860155092816
  wrist_2:
    x: 9.9469549672873657e-05
    y: -0.085470119840631312
    z: -5.0244514545058127e-05
    roll: 1.5713841873109566
    pitch: 0
    yaw: 1.0462024846720312e-05
  wrist_3:
    x: -0.00012382582414550923
    y: 0.092128155952293164
    z: -0.00015116583056896395
    roll: 1.5691555070764762
    pitch: 3.1415926535897931
    yaw: -3.1415926074716598
  hash: calib_13452519289788325619